4,6,1,1,2,3,3,0,1,1,5,0,0,1,3,3,3,4,4,4,5,5,5,6,6,6,0,0,0,0,0,0,1,1,1,0,0,0,1,1,1,0,0,0,0,0,0,0,0,0,1,1,1,0,0,0,1,1,1,1,1,1,1,1,1,1,1,1,1,1,2,2,2,2,2,2,2,2,2,2,2,2,2,0,0,0,1,1,1,1,1,1,0,0,0,0,0,0,1,1,1,0,0,0,1,1,1,0,0,0,0,0,0,0,0,0,1,1,1,1,1,1,0,0,0,1,1,1,0,0,0,0,0,0,1,1,1,1,1,2,2,2,2,0,0,0,0,0,0,1,1,1,0,0,0,1,1,1,0,0,0,1,1,1,1,1,1,0,0
4,6,9,9,0,1,1,3,0,0,4,5,5,8,1,1,1,2,2,2,3,3,0,1,1,1,2,2,2,2,2,2,0,0,0,0,0,0,1,1,1,0,0,0,0,0,0,1,1,1,2,2,2,2,2,2,0,0,0,0,0,0,1,1,1,0,0,0,1,1,0,1,1,1,1,1,1,1,1,1,1,1,1,2,2,2,0,0,0,1,1,1,0,0,0,0,0,0,1,1,1,1,1,1,0,0,1,0,0,0,0,0,0,0,0,0,1,1,1,1,1,1,1,1,1,0,0,0,0,0,0,1,1,1,0,0,0,0,0,1,1,1,1,1,1,1,1,1,1,0,0,0,1,1,1,0,0,0,0,0,0,1,1,1,1,1,1,2,2
4,1,4,4,5,6,6,8,8,8,2,0,0,1,2,2,2,3,3,3,4,4,5,0,0,1,0,0,0,1,1,1,1,1,1,1,1,1,0,0,0,0,0,0,0,0,1,2,2,2,0,0,0,0,0,0,0,0,0,1,1,1,0,0,0,1,1,1,0,0,1,0,0,0,1,1,1,1,1,1,1,1,1,0,0,0,1,1,1,2,2,2,2,2,2,2,2,2,0,0,0,0,0,0,0,0,1,1,1,1,1,1,1,1,1,1,0,0,0,0,0,0,0,0,0,1,1,1,1,1,1,2,2,2,2,2,2,2,2,0,0,0,0,0,0,0,1,1,1,0,0,1,0,0,0,0,0,1,1,1,1,0,0,0,1,1,1,0,0
4,6,2,2,0,1,1,0,1,1,0,0,0,3,4,4,4,0,0,0,1,1,0,0,0,1,0,0,0,1,1,1,1,1,1,1,1,1,0,0,0,0,0,0,1,1,2,0,0,0,0,0,0,0,0,0,0,0,0,1,1,1,1,1,1,0,0,0,0,0,1,1,1,1,0,0,0,0,0,0,1,1,1,0,0,1,0,0,1,0,0,0,0,0,0,0,0,0,1,1,1,1,1,1,1,1,0,0,0,0,1,1,1,1,1,1,0,0,0,1,1,1,1,1,1,0,0,1,1,1,1,0,0,0,0,0,0,0,0,1,1,1,1,1,1,1,0,0,0,0,0,1,0,0,0,0,0,1,1,1,1,0,0,0,1,1,1,0,0
4,1,4,4,6,7,7,1,2,2,1,1,1,4,5,5,5,5,5,5,0,0,1,1,1,0,0,0,1,0,0,0,0,0,0,0,0,1,1,1,1,1,1,1,0,0,1,1,1,1,1,1,1,1,1,1,1,1,1,0,0,0,0,0,1,2,2,2,2,2,0,0,0,0,0,0,0,1,1,1,0,0,0,0,0,1,0,0,1,0,0,0,0,0,0,1,1,1,0,0,0,0,0,0,0,0,1,1,1,1,0,0,0,1,1,1,1,1,1,0,0,1,1,1,1,0,0,1,1,1,1,0,0,0,0,0,0,1,1,0,1,1,1,1,1,1,1,1,1,1,1,0,0,0,0,0,0,1,1,1,1,1,1,1,0,0,0,0,0
4,7,10,10,12,1,1,0,1,1,2,2,2,5,0,0,1,1,1,1,1,1,2,2,2,3,0,0,1,0,0,0,0,0,1,1,1,2,2,2,2,2,2,2,2,2,0,0,0,0,0,0,1,1,1,1,1,1,1,0,0,0,0,0,1,0,0,0,0,0,1,1,1,1,1,1,1,0,0,0,0,0,1,1,1,0,0,0,1,1,1,1,1,1,1,0,0,1,0,0,1,1,1,1,1,1,0,0,0,0,0,0,1,0,0,0,0,0,0,0,0,1,1,1,1,1,1,0,0,0,0,0,0,1,1,1,1,0,0,1,0,0,0,0,0,0,0,0,1,1,1,2,2,2,2,2,2,0,0,0,1,1,1,1,0,0,0,0,0
4,6,10,10,1,2,2,4,5,5,1,2,2,0,0,0,0,1,1,1,0,0,0,1,1,0,1,1,1,1,1,1,0,0,0,1,1,1,1,1,0,1,1,1,1,1,0,0,0,0,0,0,0,1,1,0,1,1,1,1,1,1,1,1,1,1,1,1,1,1,0,0,0,0,0,0,0,0,0,0,0,0,0,1,1,1,2,2,2,2,2,0,1,1,1,1,1,1,0,0,0,1,1,1,1,1,1,2,2,2,2,2,2,2,2,2,2,2,0,0,0,0,1,1,1,0,0,0,1,1,1,1,1,1,1,1,0,0,0,1,1,1,0,1,1,1,1,1,1,0,0,0,1,1,0,0,0,0,1,1,1,1,1,0,0,0,0,1,1
4,0,1,1,3,4,4,6,0,0,0,1,1,1,3,3,3,3,3,0,1,1,1,2,2,0,1,1,1,1,1,1,2,2,2,2,2,2,2,2,0,1,1,1,1,1,0,0,0,0,0,0,0,0,0,1,1,1,0,0,0,0,0,0,0,1,1,1,1,1,2,2,2,0,0,0,0,0,0,0,0,0,0,1,1,1,0,0,0,0,0,1,0,0,0,0,0,0,1,1,1,1,1,0,0,0,0,1,1,0,0,0,0,0,0,0,0,0,1,1,1,1,1,1,1,2,2,2,2,2,0,0,0,0,0,0,1,1,1,1,1,1,0,1,1,1,1,1,1,2,2,2,0,0,1,1,1,1,1,1,1,1,1,0,0,0,0,1,1
4,1,4,4,6,7,7,9,10,10,13,14,14,2,0,0,0,0,0,1,0,0,0,1,1,2,3,3,3,3,3,0,1,1,1,1,1,1,1,1,2,2,2,0,0,0,1,1,1,0,0,0,0,0,0,0,0,0,1,1,1,1,1,1,1,0,0,0,0,0,1,1,1,2,2,2,2,2,2,2,2,2,2,0,0,0,1,1,0,0,0,1,2,2,2,2,2,2,0,0,0,0,0,1,1,1,0,0,0,1,1,1,1,1,1,0,0,0,1,1,1,1,1,1,0,1,1,1,1,1,2,2,2,0,0,0,0,0,0,0,0,0,1,1,1,0,0,0,0,1,1,1,2,2,2,2,2,2,2,2,2,2,2,3,3,3,3,3,3
4,6,1,1,3,4,4,1,2,2,2,3,3,2,3,3,0,0,0,1,2,2,0,0,0,1,2,2,2,2,2,3,3,3,0,0,0,0,0,0,1,1,1,2,2,2,0,0,0,1,1,1,1,1,1,1,1,1,1,1,1,0,0,0,0,1,1,0,0,0,0,0,0,1,1,1,0,0,0,0,0,0,0,1,1,0,1,1,0,0,0,0,1,1,1,1,1,1,2,2,2,2,2,2,2,2,0,0,0,0,0,0,0,0,0,1,1,1,1,1,1,0,0,0,1,1,1,1,1,1,0,0,0,1,1,1,1,1,1,1,1,1,0,0,0,1,1,1,0,0,0,0,1,1,1,1,1,0,0,0,0,0,0,1,1,1,0,0,0
4,6,0,0,2,3,3,0,1,1,3,4,4,1,2,2,3,3,3,0,1,1,2,2,2,0,1,1,1,1,1,2,2,2,3,3,3,3,3,3,0,0,0,1,1,1,2,2,2,2,2,2,0,0,0,0,0,0,0,0,0,1,1,1,1,0,0,1,1,1,0,0,0,0,0,0,1,1,1,0,0,0,0,1,1,0,0,0,1,1,1,1,1,1,0,0,0,0,1,1,1,1,1,1,1,1,2,2,2,2,2,2,2,2,2,2,2,2,2,2,2,0,0,0,0,0,0,0,0,0,1,1,1,0,0,0,0,0,0,0,0,0,1,1,1,1,1,1,0,0,0,0,1,1,1,1,1,0,0,0,0,0,0,0,0,0,1,1,1
4,2,2,2,4,5,5,8,9,9,3,0,0,0,1,1,2,2,2,2,2,2,0,0,0,1,2,2,0,0,0,1,1,1,2,2,2,0,0,0,0,0,0,0,0,0,1,1,1,1,1,1,2,2,2,2,2,2,2,2,2,2,2,2,0,1,1,1,1,1,0,0,0,0,0,0,0,0,0,1,1,1,0,1,1,2,2,2,0,0,0,0,0,0,1,1,1,0,1,1,0,0,0,0,0,0,1,1,1,1,1,1,0,0,0,0,0,0,0,0,0,1,1,1,1,1,1,0,0,0,1,1,1,2,2,2,2,2,2,0,0,0,1,1,1,1,1,1,2,2,2,0,0,0,0,0,0,1,1,1,0,0,0,0,0,0,0,0,0
0,0,0,0,0,0,0,0,0,0,0,4,4,4,8,8,8,8,8,8,8,8,8,8,8,8,12,12,12,12,12,12,12,12,12,12,12,12,12,12,12,12,12,12,12,12,12,12,12,12,12,12,12,12,12,12,12,12,12,12,12,12,12,12,12,12,12,12,12,12,12,12,12,12,12,12,12,12,12,12,12,12,12,12,12,12,12,12,12,12,12,12,12,12,12,12,12,12,12,12,12,12,12,12,12,12,12,12,12,12,12,12,12,12,12,12,12,12,12,12,12,12,12,12,12,12,12,12,12,12,12,12,12,12,12,12,12,12,12,12,12,12,12,12,12,12,12,12,12,12,12,12,12,12,12,12,12,12,12,12,12,12,12,12,12,12,12,12,12
0,0,0,0,4,4,4,8,8,8,12,12,12,16,16,16,16,16,16,20,20,20,24,24,24,24,24,24,24,24,24,24,24,24,24,24,24,24,24,24,28,28,28,28,28,28,28,28,28,28,28,28,28,28,28,28,28,28,28,28,28,28,28,28,28,28,28,28,28,28,28,28,28,28,28,28,28,28,28,28,28,28,28,28,28,28,28,28,28,28,28,28,28,28,28,28,28,28,28,28,28,28,28,28,28,28,28,28,28,28,28,28,28,28,28,28,28,28,28,28,28,28,28,28,28,28,28,28,28,28,28,28,28,28,28,28,28,28,28,28,28,28,28,28,28,28,28,28,28,28,28,28,28,28,28,28,28,28,28,28,28,28,28,28,28,28,28,28,28
6,6,6,6,6,6,6,6,6,6,6,6,6,6,6,6,6,6,6,6,6,6,6,6,6,6,6,6,6,6,6,6,6,6,6,6,6,6,6,6,6,6,6,6,6,6,6,6,6,6,6,6,6,6,6,6,6,6,6,6,6,6,6,6,6,6,6,6,6,6,6,6,6,6,6,6,6,6,6,6,6,6,6,6,6,6,6,6,6,6,6,6,6,6,6,6,6,6,6,6,6,6,6,6,6,6,6,6,6,6,6,6,6,6,6,6,6,6,6,6,6,6,6,6,6,6,6,6,6,6,6,6,6,6,6,6,6,6,6,6,6,6,6,6,6,6,6,6,6,6,6,6,6,6,6,6,6,6,6,6,6,6,6,6,6,6,6,6,6
6,6,6,6,6,6,6,6,6,6,6,6,6,6,6,6,6,6,6,6,6,6,6,6,6,6,6,6,6,6,6,6,6,6,6,6,6,6,6,6,6,6,6,6,6,6,6,6,6,6,6,6,6,6,6,6,6,6,6,6,6,6,6,6,6,6,6,6,6,6,6,6,6,6,6,6,6,6,6,6,6,6,6,6,6,6,6,6,6,6,6,6,6,6,6,6,6,6,6,6,6,6,6,6,6,6,6,6,6,6,6,6,6,6,6,6,6,6,6,6,6,6,6,6,6,6,6,6,6,6,6,6,6,6,6,6,6,6,6,6,6,6,6,6,6,6,6,6,6,6,6,6,6,6,6,6,6,6,6,6,6,6,6,6,6,6,6,6,6
